142 [0]
70 [1]
32 [2]
111 [3, 12, 39]
192 [4]
132 [5, 28, 79]
24 [6, 46, 50, 52, 85]
45 [7, 61, 73]
182 [8]
69 [9]
38 [10]
124 [11, 96]
99 [13, 25, 68]
82 [14]
25 [15]
167 [16]
20 [17, 18, 63]
127 [19, 72, 74, 92]
179 [20, 26]
29 [21]
84 [22]
145 [23, 29]
136 [24]
121 [27, 55]
90 [30, 81]
77 [31]
75 [32]
37 [33]
187 [34, 60]
183 [35]
166 [36, 43]
184 [37, 57]
14 [38]
133 [40, 95]
191 [41]
161 [42]
164 [44]
106 [45]
50 [47]
46 [48, 97]
17 [49]
159 [51]
178 [53]
43 [54, 87]
68 [56]
134 [58, 67]
171 [59, 69]
116 [62]
55 [64]
49 [65]
73 [66]
138 [70, 78]
130 [71]
102 [75]
53 [76]
122 [77, 84]
199 [80]
35 [82]
61 [83]
195 [86]
57 [88]
163 [89, 91]
103 [90]
44 [93]
28 [94]
115 [98]
98 [99]
