67 [0, 16, 30, 165, 297, 348, 355, 541, 587, 588, 761, 795, 915]
68 [1, 88, 156, 178, 306, 351, 380, 415, 686, 802, 806, 808, 811, 912, 916, 927]
89 [2, 115, 201, 243, 337, 411, 460, 465, 562, 594, 624, 766, 962]
81 [3, 53, 72, 110, 131, 157, 167, 188, 191, 317, 370, 392, 401, 436, 834, 845, 872, 907, 922, 932, 944, 989]
28 [4, 15, 37, 39, 44, 54, 82, 89, 132, 189, 216, 227, 245, 304, 538, 582, 647, 704, 723, 740, 785, 818, 904, 926, 956]
48 [5, 32, 195, 299, 336, 385, 589, 688, 697, 779, 846, 856, 896]
47 [6, 212, 259, 291, 339, 354, 690, 777, 911]
84 [7, 21, 112, 160, 241, 272, 352, 399, 476, 483, 561, 667, 706, 732, 760]
75 [8, 41, 106, 161, 498, 570, 608, 677, 826, 913, 957, 992]
17 [9, 87, 91, 97, 125, 180, 226, 257, 393, 493, 499, 604, 630, 650, 721, 741, 894, 945, 961]
69 [10, 58, 104, 224, 242, 313, 378, 414, 432, 454, 517, 542, 550, 602, 849, 867, 995]
30 [11, 77, 86, 126, 135, 209, 398, 442, 449, 532, 547, 612, 615, 672, 863, 879, 910]
24 [12, 94, 99, 179, 222, 335, 344, 511, 596, 605, 663, 687, 713, 805, 936, 937]
86 [13, 158, 207, 218, 293, 394, 488, 575, 623, 684, 829, 903, 940]
51 [14, 25, 114, 169, 175, 214, 349, 376, 410, 491, 524, 577, 798, 842, 877]
15 [17, 107, 111, 140, 173, 281, 389, 445, 450, 471, 753, 917, 939]
44 [18, 62, 388, 430, 444, 446, 451, 714, 858, 935, 947, 950]
19 [19, 128, 185, 285, 573, 585, 592, 617, 725, 782, 801, 831, 837, 963]
54 [20, 55, 83, 147, 262, 296, 422, 437, 502, 648, 792]
55 [22, 49, 63, 113, 117, 225, 329, 420, 495, 513, 557, 618, 746, 770, 836, 941, 942, 958]
58 [23, 29, 206, 256, 417, 784, 793, 964]
41 [24, 116, 159, 322, 343, 346, 558, 622, 693, 694, 749, 882, 968, 997]
85 [26, 152, 166, 193, 292, 443, 456, 486, 752, 869, 981]
88 [27, 237, 413, 544, 649, 666, 796, 840, 887]
79 [28, 42, 64, 221, 266, 315, 316, 374, 627, 655, 659, 748, 788, 825, 885, 893]
27 [31, 36, 69, 219, 277, 367, 656, 673, 731, 744, 755, 764, 985]
62 [33, 108, 120, 136, 144, 194, 250, 253, 279, 312, 356, 479, 516, 533, 712, 807, 816, 862]
45 [34, 52, 78, 210, 230, 280, 341, 508, 512, 534, 668, 803, 814, 969]
66 [35, 67, 79, 124, 176, 228, 324, 325, 357, 447, 519, 523, 546, 654, 864, 888, 923, 996]
22 [38, 271, 382, 428, 481, 569, 586, 696, 745, 774, 781, 853, 857, 874, 955]
78 [40, 46, 184, 234, 474, 552, 568, 581, 591, 621, 625, 635, 717, 727, 928, 980]
42 [43, 47, 81, 288, 309, 405, 416, 489, 501, 549, 559, 643, 664, 726, 757, 783, 789]
23 [45, 101, 182, 202, 211, 268, 276, 353, 368, 379, 434, 529, 572, 626, 804, 822, 844, 959]
83 [48, 56, 73, 105, 203, 400, 468, 494, 507, 540, 685, 729, 821]
60 [50, 75, 80, 183, 205, 238, 258, 274, 307, 314, 328, 467, 707, 769, 839]
21 [51, 369, 419, 427, 458, 466, 598, 670, 739, 797, 866, 933, 993]
61 [57, 96, 478, 537, 543, 567, 653, 743, 908]
73 [59, 134, 137, 138, 168, 338, 342, 372, 472, 528, 765, 884, 938]
72 [60, 76, 254, 290, 439, 709, 780, 902, 948, 949]
74 [61, 142, 197, 239, 330, 334, 610, 850, 860, 861, 890, 983]
43 [65, 66, 215, 220, 332, 418, 435, 634, 645, 715, 718, 736, 768, 868, 976]
82 [68, 122, 141, 208, 233, 264, 383, 515, 526, 619, 644, 735]
56 [70, 236, 464, 611, 631, 742, 778, 881, 930, 952, 988]
70 [71, 127, 164, 270, 284, 298, 331, 555, 564, 620, 815, 820, 828, 870]
63 [74, 347, 521, 553, 576, 599, 657, 675, 794, 800]
36 [84, 217, 340, 358, 462, 469, 580, 597, 705, 716, 759, 919, 931, 984]
25 [85, 92, 130, 200, 390, 584, 641, 738, 889, 891, 892, 975]
52 [90, 199, 275, 302, 397, 601, 682, 691, 722, 728, 763, 999]
71 [93, 129, 198, 248, 359, 386, 412, 448, 473, 506, 609, 791]
16 [95, 318, 319, 504, 514, 566, 603, 616, 639]
64 [98, 260, 294, 305, 321, 475, 480, 490, 545, 637, 708, 819, 914, 924, 965]
29 [100, 146, 162, 235, 265, 438, 530, 536, 756, 823, 838, 883, 925, 982]
32 [102, 150, 361, 362, 421, 429, 453, 539, 640, 651, 775, 886, 898, 967, 972]
33 [103, 118, 261, 300, 364, 424, 426, 461, 628, 702, 921, 966, 973]
76 [109, 139, 204, 249, 404, 571, 614, 629, 676, 680, 771, 817, 835, 895]
26 [119, 196, 301, 510, 590, 733, 786, 810, 812, 848, 970]
59 [121, 190, 283, 320, 384, 409, 441, 463, 754, 897]
34 [123, 148, 172, 407, 425, 535, 607, 652, 665, 767, 773, 990]
35 [133, 149, 223, 375, 457, 470, 563, 841, 871, 875, 929, 943]
80 [143, 289, 350, 396, 403, 500, 522, 531, 689, 909, 971]
57 [145, 263, 267, 273, 278, 433, 452, 646, 674, 701, 772]
77 [151, 326, 387, 395, 440, 554, 579, 595, 633, 660, 662, 776, 787, 799, 833, 974]
49 [153, 174, 177, 181, 232, 286, 323, 518, 574, 613, 681, 711, 734, 824, 934, 960]
38 [154, 187, 192, 247, 455, 485, 710, 724, 905, 920, 979]
65 [155, 170, 231, 255, 311, 366, 373, 402, 477, 492, 505, 658, 661, 669, 678, 865, 876, 899]
20 [163, 360, 482, 487, 527, 632, 642, 700, 900, 901, 954]
37 [171, 381, 423, 484, 497, 583, 638, 698, 827, 854, 855, 859, 998]
53 [186, 246, 303, 363, 525, 593, 906]
87 [213, 240, 327, 556, 560, 578, 606, 679, 699, 830, 847, 918, 946, 994]
50 [229, 252, 269, 282, 408, 520, 671, 873]
39 [244, 251, 287, 377, 406, 459, 496, 548, 683, 719, 750, 851, 977, 987]
40 [295, 310, 333, 509, 551, 600, 692, 695, 762, 809, 832]
31 [308, 371, 565, 636, 703, 737, 758, 880, 951]
18 [345, 365, 730, 813, 843, 852, 878, 953, 978, 991]
46 [391, 431, 503, 720, 747, 751, 790, 986]
