158 [0, 86]
53 [1]
178 [2, 41]
166 [3, 6]
67 [4, 44]
150 [5]
181 [7, 39, 85]
71 [8]
48 [9]
23 [10, 26]
26 [11]
145 [12, 76]
175 [13]
174 [14, 51]
161 [15]
20 [16, 17, 47]
96 [18, 34]
85 [19]
159 [20, 75]
78 [21]
143 [22]
171 [23]
163 [24]
41 [25]
77 [27, 64]
119 [28]
108 [29]
10 [30]
62 [31]
100 [32]
182 [33]
198 [35, 73]
122 [36]
153 [37]
149 [38]
101 [40]
91 [42]
137 [43]
35 [45]
15 [46, 95]
95 [48, 92]
173 [49, 81]
105 [50]
27 [52]
51 [53, 60]
46 [54]
106 [55]
98 [56]
188 [57]
58 [58]
61 [59]
102 [61]
191 [62]
86 [63]
197 [65]
132 [66]
120 [67]
113 [68]
131 [69]
49 [70]
116 [71]
169 [72, 82]
200 [74]
112 [77]
34 [78]
22 [79]
124 [80]
140 [83]
154 [84]
187 [87]
37 [88]
162 [89]
183 [90]
151 [91]
11 [93]
69 [94]
193 [96]
81 [97]
42 [98]
110 [99]
